103 34 
738 33 
382 32 
331 32 
489 32 
730 32 
767 32 
369 31 
973 31 
418 31 
753 31 
735 31 
1000 31 
31 31 
621 31 
891 31 
789 30 
127 30 
979 30 
702 30 
341 30 
403 30 
239 30 
374 30 
109 30 
869 30 
450 30 
285 30 
609 30 
559 30 
748 30 
563 30 
893 29 
361 29 
284 29 
86 29 
849 29 
873 29 
220 29 
595 29 
378 29 
73 29 
174 29 
301 29 
875 29 
945 29 
941 29 
745 28 
951 28 
395 28 
850 28 
295 28 
305 28 
159 28 
358 28 
764 28 
911 28 
356 28 
206 27 
870 27 
698 27 
879 27 
200 27 
625 27 
897 27 
244 27 
135 27 
525 27 
697 27 
434 27 
603 27 
468 27 
114 27 
330 27 
835 27 
367 27 
349 27 
531 27 
78 27 
228 27 
715 27 
521 27 
958 27 
638 27 
683 26 
938 26 
970 26 
303 26 
397 26 
901 26 
391 26 
471 26 
101 26 
554 26 
670 26 
687 26 
181 26 
167 26 
12 26 
773 26 
460 26 
572 26 
838 26 
234 26 
445 26 
263 26 
890 26 
307 26 
288 25 
266 25 
247 25 
172 25 
309 25 
786 25 
989 25 
545 25 
791 25 
895 25 
760 25 
880 25 
555 25 
624 25 
273 25 
863 25 
856 25 
417 25 
154 25 
644 25 
319 25 
162 25 
571 25 
55 25 
902 25 
387 25 
245 25 
11 24 
804 24 
641 24 
527 24 
650 24 
447 24 
741 24 
502 24 
443 24 
966 24 
388 24 
586 24 
45 24 
433 24 
131 24 
119 24 
43 24 
852 24 
810 24 
649 24 
551 24 
91 24 
366 24 
304 24 
253 24 
775 24 
790 24 
166 24 
865 24 
476 24 
491 24 
35 24 
130 24 
759 23 
191 23 
614 23 
327 23 
995 23 
1 23 
857 23 
914 23 
199 23 
915 23 
412 23 
334 23 
976 23 
494 23 
320 23 
4 23 
665 23 
771 23 
892 23 
122 23 
270 23 
353 23 
10 23 
843 23 
982 23 
437 23 
961 23 
816 23 
646 23 
504 23 
117 23 
676 23 
608 23 
645 23 
271 23 
51 23 
376 22 
18 22 
267 22 
15 22 
575 22 
518 22 
21 22 
428 22 
800 22 
772 22 
59 22 
500 22 
300 22 
89 22 
79 22 
556 22 
54 22 
408 22 
322 22 
814 22 
415 22 
823 22 
949 22 
142 22 
782 22 
143 22 
26 22 
314 22 
406 22 
706 22 
898 22 
176 22 
444 22 
985 22 
61 22 
252 22 
972 22 
651 22 
25 22 
677 21 
242 21 
218 21 
953 21 
57 21 
149 21 
19 21 
377 21 
280 21 
806 21 
49 21 
354 21 
193 21 
930 21 
39 21 
727 21 
249 21 
313 21 
67 21 
22 21 
416 21 
861 21 
138 21 
112 21 
6 21 
100 21 
317 21 
602 21 
833 21 
235 21 
132 21 
23 21 
981 21 
274 21 
807 21 
920 21 
164 21 
846 21 
514 21 
129 21 
681 21 
755 21 
255 21 
292 21 
776 21 
596 21 
37 21 
922 21 
83 21 
637 21 
69 21 
841 21 
628 20 
707 20 
647 20 
851 20 
402 20 
579 20 
827 20 
562 20 
993 20 
733 20 
350 20 
326 20 
578 20 
906 20 
743 20 
231 20 
204 20 
147 20 
723 20 
409 20 
680 20 
668 20 
778 20 
439 20 
720 20 
140 20 
501 20 
139 20 
467 20 
845 20 
805 20 
99 20 
465 20 
590 20 
694 20 
496 20 
363 20 
462 20 
728 20 
484 20 
414 20 
535 20 
486 20 
734 19 
560 19 
785 19 
710 19 
580 19 
281 19 
282 19 
610 19 
118 19 
948 19 
912 19 
725 19 
747 19 
222 19 
619 19 
690 19 
818 19 
269 19 
344 19 
457 19 
158 19 
115 19 
302 19 
97 19 
864 19 
72 19 
887 19 
616 19 
311 19 
663 19 
298 19 
345 19 
243 19 
479 19 
429 19 
451 19 
233 19 
48 19 
160 19 
396 19 
631 19 
227 19 
150 19 
370 19 
436 19 
251 18 
871 18 
77 18 
385 18 
709 18 
524 18 
116 18 
967 18 
56 18 
17 18 
121 18 
777 18 
688 18 
473 18 
286 18 
971 18 
936 18 
254 18 
724 18 
583 18 
184 18 
463 18 
456 18 
432 18 
383 18 
8 18 
986 18 
689 18 
768 18 
812 18 
90 18 
155 18 
346 18 
215 18 
474 18 
924 18 
294 18 
212 18 
410 18 
746 18 
461 18 
329 18 
657 18 
324 17 
717 17 
424 17 
175 17 
999 17 
265 17 
643 17 
95 17 
574 17 
308 17 
70 17 
275 17 
626 17 
534 17 
448 17 
483 17 
878 17 
691 17 
763 17 
944 17 
333 17 
623 17 
488 17 
506 17 
380 17 
510 17 
693 17 
183 17 
481 17 
336 17 
744 17 
464 17 
877 17 
561 17 
672 17 
925 17 
512 17 
737 17 
398 17 
803 17 
964 17 
169 17 
854 17 
552 17 
58 17 
611 17 
348 17 
859 17 
299 17 
927 16 
42 16 
696 16 
373 16 
749 16 
937 16 
141 16 
606 16 
186 16 
427 16 
664 16 
987 16 
969 16 
975 16 
50 16 
480 16 
980 16 
260 16 
526 16 
203 16 
991 16 
716 16 
44 16 
226 16 
679 16 
170 16 
179 16 
85 16 
189 16 
757 16 
704 16 
855 16 
458 16 
165 16 
908 16 
600 16 
739 16 
686 16 
809 16 
392 16 
862 16 
797 16 
123 16 
956 16 
678 16 
601 16 
666 16 
708 16 
570 16 
40 16 
105 16 
963 16 
111 16 
351 16 
654 15 
446 15 
532 15 
421 15 
529 15 
598 15 
505 15 
557 15 
907 15 
588 15 
589 15 
542 15 
152 15 
732 15 
618 15 
932 15 
68 15 
615 15 
229 15 
232 15 
988 15 
770 15 
844 15 
896 15 
452 15 
28 15 
795 15 
788 15 
858 15 
110 15 
287 15 
962 15 
272 15 
137 15 
792 15 
7 15 
942 15 
84 15 
820 15 
592 15 
796 15 
438 15 
442 15 
830 15 
634 15 
544 15 
236 15 
872 15 
655 15 
201 15 
420 15 
546 14 
381 14 
652 14 
658 14 
478 14 
832 14 
894 14 
599 14 
394 14 
840 14 
173 14 
793 14 
916 14 
453 14 
536 14 
455 14 
277 14 
648 14 
241 14 
774 14 
847 14 
365 14 
190 14 
347 14 
493 14 
216 14 
426 14 
784 14 
629 14 
81 14 
16 14 
946 14 
756 14 
783 14 
913 14 
24 14 
667 14 
379 14 
968 14 
992 14 
620 14 
360 14 
219 14 
673 14 
205 14 
921 14 
900 14 
568 13 
765 13 
449 13 
290 13 
151 13 
487 13 
867 13 
639 13 
65 13 
96 13 
430 13 
604 13 
577 13 
423 13 
293 13 
177 13 
321 13 
34 13 
705 13 
660 13 
440 13 
882 13 
209 13 
711 13 
762 13 
573 13 
98 13 
296 13 
63 13 
71 13 
617 13 
593 13 
661 13 
213 13 
202 13 
994 13 
597 13 
842 13 
511 13 
145 13 
828 13 
134 13 
153 13 
917 13 
133 13 
27 13 
258 13 
540 13 
929 13 
829 13 
328 13 
736 13 
931 12 
957 12 
564 12 
576 12 
291 12 
194 12 
585 12 
766 12 
977 12 
80 12 
93 12 
813 12 
88 12 
5 12 
581 12 
881 12 
798 12 
825 12 
413 12 
682 12 
567 12 
533 12 
3 12 
519 12 
538 12 
113 12 
389 12 
794 12 
821 12 
933 12 
323 12 
919 12 
928 12 
9 12 
315 12 
207 12 
509 11 
889 11 
306 11 
75 11 
46 11 
848 11 
722 11 
888 11 
283 11 
64 11 
886 11 
587 11 
853 11 
627 11 
342 11 
819 11 
530 11 
352 11 
633 11 
187 11 
899 11 
104 11 
60 11 
905 11 
257 11 
761 11 
692 11 
729 11 
210 11 
700 11 
831 11 
92 11 
918 11 
337 11 
74 11 
549 11 
250 11 
640 11 
469 11 
834 10 
522 10 
528 10 
740 10 
613 10 
726 10 
368 10 
780 10 
157 10 
543 10 
312 10 
811 10 
422 10 
375 10 
82 10 
952 10 
339 10 
279 10 
868 10 
537 10 
662 10 
508 10 
553 10 
20 10 
66 10 
276 10 
960 10 
731 10 
482 10 
29 10 
246 10 
630 10 
539 10 
636 10 
393 10 
477 10 
837 10 
750 10 
499 9 
515 9 
120 9 
714 9 
815 9 
30 9 
721 9 
492 9 
998 9 
425 9 
256 9 
632 9 
355 9 
824 9 
126 9 
390 9 
357 9 
565 9 
685 9 
978 9 
582 9 
826 9 
76 9 
516 9 
214 9 
984 9 
13 9 
188 9 
208 9 
550 9 
466 9 
240 9 
934 9 
435 9 
211 9 
940 9 
983 9 
338 9 
591 9 
503 9 
230 9 
264 9 
594 9 
454 9 
136 8 
47 8 
566 8 
990 8 
225 8 
223 8 
656 8 
866 8 
822 8 
719 8 
490 8 
718 8 
939 8 
401 8 
384 8 
758 8 
923 8 
787 8 
926 8 
52 8 
674 8 
751 8 
523 8 
146 8 
817 8 
548 8 
659 8 
124 8 
876 8 
364 8 
371 8 
163 8 
752 8 
197 8 
431 8 
703 8 
910 7 
996 7 
161 7 
411 7 
622 7 
839 7 
185 7 
182 7 
653 7 
316 7 
569 7 
106 7 
517 7 
695 7 
237 7 
947 7 
196 7 
520 7 
779 7 
261 7 
684 7 
541 7 
470 7 
407 7 
238 7 
2 7 
278 7 
268 7 
289 7 
513 7 
156 7 
248 7 
53 7 
935 7 
836 7 
605 7 
178 7 
547 7 
754 6 
399 6 
405 6 
340 6 
102 6 
965 6 
959 6 
125 6 
32 6 
372 6 
635 6 
507 6 
475 6 
62 6 
224 6 
884 6 
498 6 
259 6 
297 6 
168 6 
769 6 
472 6 
974 6 
808 6 
262 6 
675 6 
883 6 
485 6 
997 6 
799 6 
885 6 
558 5 
343 5 
335 5 
459 5 
362 5 
781 5 
310 5 
903 5 
180 5 
441 5 
699 5 
107 5 
612 5 
94 5 
400 4 
584 4 
904 4 
