2827 
3830 
2071 
1120 
1594 
4274 
4085 
1281 
3594 
3335 
2245 
1337 
1190 
299 
2079 
2532 
931 
3880 
3083 
4295 
3805 
1658 
725 
15 
918 
3999 
3244 
2677 
3883 
336 
3337 
4428 
677 
2476 
485 
4385 
469 
914 
1210 
4163 
2093 
2839 
3018 
2919 
4466 
2140 
697 
4493 
2829 
1320 
477 
318 
483 
3032 
4222 
2935 
2086 
2978 
1380 
2293 
2005 
2134 
4254 
3194 
2208 
636 
305 
1205 
40 
135 
2816 
2587 
2910 
2632 
2709 
3943 
586 
2426 
3666 
1785 
3931 
3839 
768 
879 
530 
2192 
2072 
646 
313 
4007 
4078 
587 
550 
2307 
3818 
3399 
4203 
3365 
134 
229 
4045 
1542 
3485 
4072 
2050 
2716 
1262 
1312 
1308 
1631 
59 
2845 
3355 
2448 
3554 
2689 
3748 
1003 
3403 
2022 
287 
2725 
3232 
1036 
3749 
3085 
3927 
1680 
2496 
2251 
2863 
932 
4167 
684 
800 
805 
817 
1722 
3176 
231 
3877 
1615 
2404 
1678 
4481 
3958 
3280 
1879 
3758 
2473 
1429 
3873 
1973 
4342 
4306 
930 
2189 
2728 
1839 
98 
598 
759 
4297 
4472 
2026 
3221 
2711 
2799 
2362 
322 
122 
3815 
179 
2160 
2525 
3971 
1874 
1872 
81 
1104 
4175 
1042 
2906 
2117 
449 
2892 
2495 
1064 
4423 
973 
2425 
4337 
173 
1584 
3578 
3632 
3936 
2804 
1607 
2834 
4260 
1203 
4230 
4475 
2394 
3577 
2819 
2291 
3723 
1838 
45 
1830 
2288 
3490 
3208 
1099 
814 
3701 
1518 
10 
507 
3555 
4052 
4179 
1843 
4145 
2743 
2322 
1930 
808 
3598 
1422 
1925 
669 
1810 
112 
1012 
3757 
2963 
921 
2142 
649 
717 
1775 
1336 
816 
744 
197 
1945 
4462 
4133 
788 
1220 
1759 
1118 
1804 
2941 
3560 
1783 
887 
3179 
2001 
3556 
564 
796 
4535 
1952 
1323 
3431 
3451 
83 
4249 
1661 
3484 
3546 
1048 
3196 
3865 
396 
3359 
1478 
1731 
4125 
3283 
2510 
346 
4280 
803 
2040 
412 
11 
1438 
466 
546 
3135 
1905 
1480 
452 
1236 
3281 
679 
1392 
4456 
3644 
264 
2130 
1035 
2060 
2271 
4127 
2967 
133 
4094 
363 
3693 
1795 
4034 
3622 
3702 
4348 
3734 
1524 
1043 
603 
2478 
3075 
1828 
3740 
41 
480 
1660 
1350 
4556 
4372 
758 
3821 
4248 
4117 
1813 
1970 
1647 
3450 
2721 
905 
3591 
2211 
4046 
4498 
1637 
3077 
575 
238 
1319 
4431 
4130 
120 
1713 
3641 
3375 
3571 
1105 
1011 
2325 
464 
4502 
4447 
4281 
4473 
4104 
4013 
1825 
4559 
3631 
4422 
983 
1776 
3122 
273 
4114 
87 
1632 
2131 
4490 
2873 
1734 
2367 
934 
1732 
337 
3988 
559 
1065 
2522 
4567 
65 
1656 
2409 
4073 
472 
1511 
664 
1239 
1031 
167 
86 
4100 
377 
2852 
3171 
2974 
2619 
4486 
2798 
151 
654 
486 
3969 
3674 
2895 
2724 
1940 
952 
3027 
2487 
1368 
1919 
4001 
3952 
1302 
3311 
2683 
4033 
4224 
2243 
4368 
3715 
851 
3549 
2899 
1387 
2457 
2862 
3514 
3709 
3867 
1627 
1601 
687 
4575 
3953 
3653 
3199 
3398 
1432 
1102 
3022 
1840 
2759 
137 
1399 
1718 
182 
263 
4040 
3665 
1437 
1328 
3349 
3704 
424 
3997 
1576 
1719 
2768 
2746 
1522 
3727 
1095 
1410 
380 
704 
4123 
1436 
2531 
4097 
4392 
502 
4353 
2107 
4437 
1856 
2445 
2859 
985 
979 
2419 
3533 
3893 
1145 
543 
2350 
19 
2588 
3212 
1241 
1013 
2212 
3101 
1326 
2652 
4243 
176 
3648 
893 
2994 
3868 
3290 
1738 
2549 
2113 
2062 
4193 
1089 
1106 
4330 
1981 
3703 
1253 
3960 
2761 
2324 
352 
4292 
2215 
2340 
3638 
3680 
2016 
3837 
3721 
3620 
1544 
408 
1989 
2114 
922 
279 
2760 
1057 
251 
3352 
1506 
2956 
4333 
3116 
2191 
2844 
1654 
974 
3318 
2674 
1761 
2306 
478 
588 
384 
3107 
3714 
1666 
339 
1837 
1758 
4336 
2234 
2416 
1507 
3389 
458 
3259 
4037 
1266 
3326 
2334 
1464 
4026 
1648 
608 
4349 
3961 
2044 
2456 
3265 
1051 
8 
2515 
222 
3861 
967 
2013 
2647 
2278 
3606 
2123 
189 
162 
2897 
3371 
3691 
783 
3120 
2432 
4087 
4049 
261 
1168 
3367 
2548 
130 
1515 
85 
1612 
4421 
2424 
4064 
4198 
3197 
895 
1170 
2748 
2219 
2821 
1626 
420 
3094 
1110 
4356 
821 
430 
825 
1898 
2074 
3051 
3327 
2312 
138 
1016 
3252 
2678 
2938 
2039 
3336 
2003 
2539 
3369 
2915 
2441 
267 
3473 
1618 
3513 
3587 
3166 
634 
4165 
3435 
727 
4226 
2499 
1426 
4527 
2379 
4061 
594 
274 
4205 
1128 
1499 
1693 
3423 
201 
4056 
1708 
214 
1332 
2933 
4329 
2124 
4504 
1005 
590 
1274 
1050 
683 
3673 
795 
792 
3287 
1361 
1844 
1886 
3223 
2672 
1409 
2912 
2241 
4264 
1309 
2129 
1133 
2628 
2707 
2166 
4017 
3695 
33 
1616 
143 
1938 
1324 
2449 
2047 
1597 
3574 
1980 
4449 
580 
1111 
106 
3035 
1108 
3206 
4328 
2860 
826 
540 
668 
2141 
828 
1846 
1303 
3649 
378 
3840 
4436 
3945 
3824 
3763 
2277 
4534 
1453 
3001 
2521 
1749 
4302 
3957 
4408 
736 
4192 
4004 
911 
1162 
639 
2559 
742 
1071 
434 
2109 
1577 
3736 
1621 
202 
1992 
241 
4373 
1249 
3983 
538 
1847 
1164 
3334 
4312 
1046 
3890 
4255 
4132 
1901 
705 
3413 
3626 
1969 
4276 
2669 
917 
3730 
3657 
957 
1537 
631 
1395 
3388 
1209 
2329 
1619 
2125 
2037 
4211 
1862 
1703 
3014 
1447 
542 
4086 
386 
2068 
3910 
1219 
3916 
2364 
4332 
2703 
1592 
3541 
3917 
1652 
3070 
2520 
3231 
3747 
2132 
3382 
1076 
2519 
1941 
1562 
1578 
3874 
3690 
3020 
4420 
4265 
2918 
998 
2501 
3711 
3152 
144 
2017 
3407 
1298 
4279 
459 
1934 
830 
4484 
2403 
699 
4550 
1568 
3455 
716 
1010 
1709 
1913 
3412 
2577 
831 
1343 
1242 
2880 
1206 
810 
1831 
3313 
787 
1552 
881 
3930 
1390 
3445 
2203 
4488 
3851 
207 
1937 
929 
2195 
1757 
155 
306 
418 
2942 
4366 
2101 
2917 
4020 
1066 
4262 
2550 
183 
3783 
7 
1049 
2547 
2664 
1794 
3733 
4267 
2960 
2249 
2000 
492 
516 
3144 
2907 
2607 
3866 
890 
1179 
4015 
500 
4506 
3406 
223 
294 
2006 
1080 
3535 
544 
1445 
1006 
2059 
1304 
1907 
4569 
4153 
1139 
184 
4296 
2311 
3250 
1860 
51 
2051 
3010 
844 
3442 
3667 
220 
4536 
3875 
2317 
2878 
4199 
4563 
2563 
1529 
1596 
3993 
467 
4380 
4210 
2274 
2494 
1954 
3043 
3588 
462 
794 
2226 
1922 
1331 
1982 
971 
3600 
3726 
645 
2855 
3341 
4438 
945 
1044 
2076 
1260 
2894 
1926 
876 
1929 
2188 
1440 
4075 
2656 
1623 
2377 
369 
4499 
2436 
3827 
850 
2567 
247 
16 
3909 
2344 
2753 
304 
1172 
3236 
4103 
3896 
1573 
1523 
982 
3432 
3787 
3384 
4409 
232 
2795 
2650 
1431 
262 
341 
208 
2984 
2985 
308 
4546 
711 
2260 
3892 
149 
4115 
3421 
3385 
4545 
2361 
2235 
2655 
2464 
3148 
666 
3482 
1536 
312 
4054 
2257 
2708 
2579 
364 
3552 
3775 
4076 
2152 
568 
1933 
675 
951 
1466 
3069 
96 
4443 
2247 
2181 
2882 
4450 
2343 
2908 
984 
2887 
275 
4451 
1002 
2734 
323 
4549 
2012 
3774 
3102 
1630 
2351 
4261 
23 
4000 
2305 
4570 
1492 
1906 
3443 
2479 
2262 
3056 
3380 
1280 
866 
2135 
2620 
1444 
3786 
3347 
1567 
4042 
3185 
2722 
1039 
2511 
756 
3041 
4253 
1018 
1698 
3808 
4418 
248 
3954 
3137 
228 
1893 
4415 
939 
1310 
2446 
2836 
351 
2421 
1569 
3698 
1459 
3103 
1585 
920 
1932 
3437 
1285 
3732 
3108 
505 
829 
3532 
127 
3226 
443 
277 
599 
3949 
3860 
3284 
1225 
1287 
2875 
2254 
1227 
3814 
928 
942 
3039 
4110 
1371 
1772 
1402 
3550 
4217 
302 
2284 
2787 
2280 
2433 
105 
3982 
1388 
1762 
3345 
126 
4551 
2368 
3845 
2668 
584 
2648 
2772 
2450 
2153 
2783 
2451 
57 
4362 
3565 
3339 
1471 
3885 
2806 
1745 
3508 
3299 
2533 
3030 
2822 
1735 
4154 
2780 
1026 
24 
38 
1405 
960 
4213 
321 
1267 
672 
1606 
2149 
331 
2695 
2225 
3168 
3467 
901 
3228 
3530 
532 
1291 
496 
976 
2497 
3901 
3623 
2666 
2415 
813 
349 
4439 
785 
1699 
2417 
1443 
2206 
3878 
3177 
1167 
1701 
1532 
4519 
2617 
1094 
2439 
2365 
620 
428 
3903 
665 
1720 
403 
3312 
227 
139 
3900 
2609 
741 
1835 
1880 
3754 
2654 
2468 
1327 
667 
4003 
3454 
602 
3804 
1747 
1045 
3800 
2940 
292 
2173 
1155 
3497 
2731 
2858 
2807 
525 
1288 
4286 
4060 
2597 
4477 
2774 
4093 
2843 
3066 
4393 
4138 
1752 
3091 
4412 
210 
3409 
4517 
1455 
522 
404 
4051 
1561 
1531 
2190 
186 
3308 
3002 
4195 
3233 
4098 
2578 
4223 
3064 
4322 
562 
2651 
3599 
3771 
4215 
49 
4402 
4313 
4008 
1991 
4009 
848 
2612 
3684 
2020 
4229 
4338 
1148 
859 
2094 
1151 
660 
3187 
707 
2355 
2633 
426 
3054 
1878 
663 
329 
2263 
927 
1121 
288 
1196 
3198 
3230 
2078 
1423 
3991 
1356 
1355 
2444 
2019 
4044 
867 
685 
3601 
3344 
3068 
3625 
3795 
3315 
1686 
4317 
2015 
4269 
4158 
4442 
4507 
4576 
779 
1808 
1527 
1293 
3731 
641 
2422 
2741 
4023 
1564 
3806 
3067 
2837 
2298 
1801 
357 
1439 
147 
3424 
1163 
159 
2098 
4541 
2411 
2285 
4510 
342 
2116 
63 
561 
4189 
2358 
4159 
563 
2958 
919 
4370 
671 
2951 
1379 
1360 
3802 
4030 
4204 
4116 
4314 
1243 
799 
1727 
272 
846 
2423 
3047 
58 
1131 
2850 
3582 
2766 
737 
940 
4509 
2095 
1185 
652 
3662 
4160 
1553 
3720 
503 
3342 
896 
2864 
3159 
1421 
3242 
383 
1063 
2492 
1582 
123 
4301 
4319 
3637 
1566 
557 
1496 
2853 
1944 
1517 
3891 
2336 
2542 
2637 
3145 
632 
1075 
3097 
2398 
3871 
1669 
2570 
2126 
4495 
1403 
1692 
4410 
4238 
3705 
2222 
2264 
3017 
2851 
315 
27 
4105 
740 
74 
2038 
1389 
35 
3460 
625 
2872 
3951 
3374 
343 
806 
2622 
3154 
3000 
2814 
2301 
242 
2959 
3034 
4448 
3986 
4109 
1977 
4397 
936 
3652 
1730 
375 
2273 
4284 
2975 
2733 
1059 
1329 
1803 
3912 
682 
3203 
3224 
491 
4059 
2474 
807 
4287 
1365 
3430 
2641 
2969 
3062 
3036 
2010 
3836 
3125 
4176 
1025 
177 
3005 
3978 
3762 
2660 
2608 
1741 
3080 
3834 
3127 
431 
2389 
4298 
34 
2639 
3784 
2282 
3937 
3585 
3531 
1500 
1369 
2157 
869 
1252 
2378 
13 
1119 
1599 
752 
2943 
1353 
4289 
2751 
1700 
1485 
441 
3368 
884 
1197 
3542 
3184 
493 
490 
156 
3465 
4553 
4285 
2096 
1588 
4501 
3427 
2186 
1306 
1100 
2420 
1557 
1983 
3487 
4516 
1943 
621 
4270 
1484 
3302 
1251 
1845 
2081 
1198 
4390 
3801 
3489 
3888 
4129 
2584 
3165 
3390 
3419 
1972 
3348 
2470 
2879 
360 
64 
91 
3464 
2353 
3761 
2084 
2554 
3492 
1508 
3040 
4187 
4063 
751 
2119 
2292 
1382 
2623 
2180 
78 
2090 
260 
4403 
39 
1877 
1790 
2375 
728 
3735 
4273 
3843 
4433 
1819 
3769 
1037 
1014 
1401 
1217 
3376 
3872 
2345 
235 
3745 
753 
3643 
1034 
4542 
2832 
2435 
1237 
3270 
1221 
2877 
407 
3608 
2506 
2840 
2856 
1832 
61 
3618 
541 
2968 
775 
3739 
1642 
709 
3742 
4126 
1060 
4239 
3358 
1525 
1117 
67 
3204 
1282 
2177 
3828 
1602 
168 
4463 
4291 
2742 
3537 
2509 
3149 
2901 
3534 
549 
1726 
4068 
1428 
764 
2590 
1849 
2127 
2332 
3248 
2922 
3858 
3543 
1069 
1498 
3193 
2833 
4491 
2498 
2182 
524 
713 
348 
3138 
2372 
100 
79 
413 
3519 
3420 
2008 
1914 
1406 
2565 
2221 
4334 
117 
356 
1988 
2925 
579 
2390 
1349 
2805 
3876 
3744 
4357 
1136 
3847 
406 
111 
656 
555 
521 
1501 
3379 
659 
843 
1787 
4371 
2544 
3855 
3965 
1986 
2604 
686 
390 
3459 
2616 
2475 
3356 
3907 
2737 
992 
1141 
755 
987 
2585 
4309 
2452 
374 
387 
4497 
593 
757 
1223 
2536 
4480 
2239 
1710 
4119 
2338 
3009 
595 
2630 
4018 
581 
3053 
3584 
3634 
55 
316 
3042 
2726 
1138 
436 
2138 
2111 
180 
4503 
2690 
3071 
520 
4406 
1199 
3852 
3169 
3096 
1467 
4413 
2957 
2769 
3266 
855 
219 
1140 
536 
965 
2558 
1756 
3581 
2198 
3191 
4107 
1081 
1299 
2937 
3566 
2045 
729 
1806 
3696 
1413 
863 
3025 
2461 
3500 
2580 
2636 
3480 
3817 
1244 
381 
3288 
265 
423 
1385 
3164 
2159 
1318 
433 
3789 
3717 
1638 
969 
3906 
3522 
215 
4197 
4080 
1751 
827 
2594 
2276 
324 
2374 
695 
3082 
944 
2514 
1183 
4400 
82 
2488 
1560 
3089 
2099 
2032 
2066 
104 
1175 
165 
1609 
1714 
3707 
2591 
266 
1688 
1461 
368 
4524 
3483 
3015 
3700 
3428 
798 
655 
882 
1873 
1533 
2283 
148 
2053 
1430 
1679 
300 
128 
442 
379 
1165 
1339 
2164 
2323 
3426 
1770 
1394 
4339 
4016 
4083 
4251 
3955 
3926 
1809 
1416 
2295 
3826 
1882 
1990 
873 
4200 
4112 
978 
1583 
1867 
4364 
293 
558 
2665 
4194 
2030 
4092 
535 
2517 
3793 
1818 
3235 
3452 
1608 
3392 
554 
1624 
439 
1316 
892 
2168 
2430 
4002 
3605 
3668 
4577 
2102 
1294 
924 
119 
3081 
3725 
4081 
3924 
2042 
3163 
3132 
1644 
3268 
852 
2663 
1916 
3658 
2625 
4538 
3305 
4557 
3940 
3809 
1315 
401 
3476 
1643 
551 
1468 
4324 
1300 
1246 
2541 
3309 
2896 
3664 
2573 
3098 
2627 
2508 
2854 
1534 
1917 
726 
662 
3141 
3846 
4050 
4278 
3813 
3509 
2429 
2352 
362 
1074 
2230 
4271 
3597 
2589 
2472 
3780 
1396 
2932 
3992 
1586 
2653 
949 
2574 
1869 
1690 
2036 
908 
2971 
4181 
2600 
2237 
933 
367 
2729 
963 
3218 
735 
4505 
3370 
1650 
2087 
4441 
1574 
1442 
4259 
1115 
46 
4566 
997 
2480 
2466 
2376 
454 
200 
1655 
2383 
347 
2161 
1218 
782 
3559 
513 
2749 
3785 
4320 
4088 
3320 
4257 
3838 
319 
37 
2815 
2792 
2710 
4454 
3921 
4346 
4136 
175 
4170 
1391 
622 
2266 
2252 
3614 
966 
3271 
1716 
519 
268 
772 
1372 
3028 
3256 
3650 
1335 
3984 
3471 
4150 
1963 
553 
619 
1135 
556 
4084 
4122 
3172 
2676 
3629 
3645 
2061 
3113 
1997 
1565 
402 
961 
3267 
2810 
4311 
3968 
1257 
4247 
196 
2701 
2406 
1077 
4513 
3773 
382 
2528 
3768 
271 
1458 
3391 
1212 
3502 
333 
1367 
4525 
150 
3972 
4318 
6 
2349 
2373 
4581 
1691 
2314 
3810 
1130 
325 
4514 
3181 
643 
3093 
2250 
438 
4365 
3798 
2380 
4146 
3117 
2089 
3934 
416 
4479 
161 
1215 
4469 
1041 
2776 
3272 
2973 
2629 
4183 
894 
2034 
2697 
1782 
1580 
3737 
457 
4177 
3434 
2143 
2313 
54 
3466 
4164 
801 
3956 
3967 
3447 
4096 
2253 
1955 
2841 
3394 
2874 
2946 
2122 
1216 
833 
2491 
3525 
1477 
1412 
314 
3441 
3776 
3655 
2640 
3520 
3059 
2363 
3788 
4275 
3710 
2684 
1173 
350 
2553 
36 
2043 
121 
1870 
4405 
573 
3977 
3994 
3841 
3133 
216 
1957 
1238 
1407 
862 
3589 
1017 
487 
4128 
4101 
2428 
638 
856 
1273 
767 
596 
898 
103 
4144 
3364 
471 
1289 
1032 
2290 
650 
1798 
2229 
691 
1269 
3238 
4207 
4407 
773 
3869 
1087 
545 
1176 
3699 
2613 
3363 
1920 
1181 
4070 
2210 
1425 
1001 
2540 
2704 
4455 
2294 
1904 
3612 
1611 
2909 
1950 
1333 
1781 
414 
582 
405 
3048 
2961 
2460 
286 
3862 
1027 
3142 
3282 
1448 
4021 
1987 
476 
164 
864 
1628 
2546 
4446 
2687 
730 
3681 
1555 
3859 
2139 
791 
4111 
1393 
1702 
2757 
1884 
1096 
2996 
3178 
2185 
4246 
2175 
398 
3449 
1653 
69 
2793 
4374 
1386 
295 
2545 
3603 
2614 
3881 
4532 
1665 
3013 
3241 
3378 
3675 
4166 
2319 
749 
1765 
435 
1456 
217 
2987 
926 
2670 
1158 
1334 
3718 
2281 
4482 
2196 
3755 
1946 
2023 
278 
688 
1278 
2041 
1967 
2930 
1705 
1254 
1723 
211 
3006 
1 
4537 
422 
781 
1488 
2025 
4543 
661 
3415 
2905 
2686 
2392 
748 
3215 
1271 
2870 
3414 
3446 
888 
2921 
4134 
4142 
2730 
506 
3630 
548 
802 
2562 
3351 
2560 
1786 
1301 
4540 
1551 
3092 
3499 
2297 
1687 
4445 
2948 
2885 
601 
3751 
676 
3579 
3902 
1348 
2331 
1123 
1297 
3517 
1975 
4208 
3393 
1476 
1132 
353 
1284 
793 
1503 
2691 
2267 
710 
4161 
84 
1639 
2812 
615 
4396 
366 
1717 
1067 
246 
2939 
3357 
2223 
2800 
1707 
2561 
3031 
1038 
2220 
2471 
3782 
4435 
1376 
2150 
3331 
2929 
1021 
2571 
3216 
1921 
1784 
4300 
2356 
991 
3663 
2490 
3033 
701 
62 
1200 
2341 
1178 
3061 
1441 
4058 
1777 
3913 
2335 
2808 
2058 
1766 
2176 
1558 
2065 
2443 
221 
1887 
4522 
1083 
2789 
2927 
1793 
14 
1554 
296 
565 
1086 
4157 
4227 
448 
2463 
2144 
592 
2054 
2596 
3130 
188 
1617 
1451 
1317 
3596 
1682 
3486 
3422 
4237 
3553 
3276 
3835 
1939 
1195 
1341 
2911 
2755 
3227 
1201 
4048 
3853 
212 
815 
1070 
3119 
1446 
1662 
4135 
527 
9 
1259 
1189 
132 
3939 
1635 
4426 
2057 
2346 
975 
1520 
1397 
3237 
4531 
2236 
1942 
1513 
89 
1473 
1342 
2782 
3100 
3915 
3354 
3521 
2662 
373 
916 
258 
1744 
2849 
3003 
3200 
1834 
4388 
2240 
410 
2412 
606 
2171 
1891 
3052 
2469 
2784 
4369 
3989 
136 
2128 
225 
1959 
754 
256 
4266 
3457 
3294 
2773 
4140 
3060 
875 
2745 
2530 
968 
3621 
2033 
3495 
718 
4169 
2462 
4293 
3146 
3289 
2070 
4010 
3573 
3692 
1029 
1404 
3941 
2002 
4190 
2928 
2997 
1314 
4331 
3021 
1169 
623 
3512 
1202 
1276 
878 
3076 
510 
2788 
1956 
4219 
4573 
2115 
460 
2388 
910 
2516 
1234 
2289 
2151 
2838 
2100 
118 
2246 
48 
2407 
1351 
4377 
192 
1144 
989 
4565 
1411 
1142 
904 
3 
2258 
141 
4268 
2679 
1346 
3395 
995 
2764 
1780 
2287 
1984 
3670 
832 
257 
1998 
2846 
2046 
2777 
1960 
624 
66 
3848 
3974 
1912 
4430 
2347 
301 
3567 
102 
2009 
2916 
4216 
172 
4228 
797 
3557 
3240 
3211 
2756 
22 
4461 
840 
4459 
468 
253 
630 
732 
2027 
2484 
680 
4424 
2747 
3911 
2685 
1871 
1255 
1463 
236 
427 
224 
303 
3301 
3316 
400 
2602 
2631 
1672 
4568 
3794 
1149 
2024 
3833 
1007 
1265 
4552 
2883 
570 
1465 
2646 
310 
1052 
4523 
2137 
2303 
4375 
2465 
2304 
3823 
1729 
3273 
2504 
2467 
3781 
1888 
2318 
3697 
1490 
4558 
3338 
1418 
2228 
497 
388 
30 
2075 
1823 
3844 
1799 
871 
498 
2867 
2410 
1743 
2455 
4470 
463 
1875 
1357 
3671 
4560 
2454 
2644 
3293 
198 
2021 
3086 
3037 
847 
2723 
3286 
3262 
1307 
4102 
3219 
1927 
1673 
761 
3140 
1101 
1737 
3970 
3481 
385 
789 
3174 
3676 
571 
902 
1040 
3527 
576 
3295 
3433 
1850 
2775 
3175 
2080 
2218 
2315 
3882 
2200 
1581 
4429 
999 
2397 
4147 
4263 
1417 
131 
3209 
4363 
2154 
1591 
2624 
2635 
1541 
344 
181 
4401 
4496 
3143 
4327 
4381 
289 
708 
780 
92 
2904 
2477 
1681 
2302 
1472 
2534 
4214 
1603 
3558 
823 
3609 
1807 
3201 
514 
1153 
2706 
3799 
1677 
1247 
3079 
1364 
3340 
3074 
3604 
4118 
3767 
1964 
3321 
3190 
340 
4308 
3922 
1514 
3772 
1640 
1311 
2551 
1194 
1354 
2438 
3261 
4458 
694 
2595 
3180 
1816 
3803 
1610 
3503 
2393 
107 
4236 
937 
1321 
637 
3580 
3639 
1935 
1061 
3425 
3770 
4091 
1113 
3008 
4399 
2803 
1836 
861 
1664 
857 
1651 
3602 
2744 
849 
1812 
4162 
3791 
706 
25 
1947 
3439 
2369 
4028 
738 
1222 
3366 
4099 
259 
1535 
4245 
419 
1245 
1275 
3886 
3863 
1084 
1753 
4062 
4185 
4340 
4155 
2719 
3099 
597 
1191 
1689 
1725 
1452 
1974 
3962 
3889 
2103 
327 
2955 
2936 
2524 
1330 
1479 
3479 
1674 
2011 
2970 
4355 
4148 
1881 
4089 
2207 
1889 
4316 
1509 
923 
1736 
591 
1822 
1374 
4294 
1482 
1250 
2261 
1154 
674 
1797 
355 
1985 
1362 
283 
3304 
2889 
4554 
2275 
1150 
986 
205 
473 
4232 
835 
2183 
417 
1549 
627 
115 
2217 
1352 
3105 
2299 
533 
633 
715 
3188 
3616 
3724 
1629 
3640 
4492 
1865 
2888 
2739 
2179 
1056 
3461 
447 
3897 
1122 
4343 
3494 
394 
140 
703 
612 
1109 
2174 
3538 
837 
3373 
2328 
2673 
2601 
3966 
3807 
1543 
3811 
3545 
4069 
1211 
4171 
1539 
955 
2396 
2384 
3766 
889 
3539 
1187 
4389 
3269 
2233 
3778 
903 
3296 
3444 
4574 
1695 
2820 
1213 
1474 
2913 
1290 
2801 
3832 
3279 
776 
2575 
20 
812 
1876 
88 
747 
4151 
3115 
465 
338 
1022 
1457 
2232 
3026 
1481 
574 
1778 
981 
4047 
4029 
1256 
3147 
3478 
3044 
3257 
2989 
3202 
1019 
1593 
3561 
199 
3045 
1208 
2 
3575 
4378 
354 
4395 
1696 
774 
2413 
1377 
1182 
4394 
174 
1748 
572 
2903 
3186 
3456 
3488 
2120 
1091 
1814 
4440 
607 
1570 
4038 
2227 
284 
585 
824 
977 
526 
1683 
3636 
2092 
56 
2954 
2427 
4206 
3491 
743 
1547 
1125 
1192 
1347 
531 
2073 
32 
276 
4341 
1494 
1177 
4382 
3661 
583 
2431 
913 
2238 
853 
1863 
157 
1264 
3987 
1359 
2740 
285 
113 
2088 
4444 
644 
1263 
891 
628 
1344 
70 
2694 
578 
567 
3182 
4427 
116 
909 
3153 
3777 
3239 
1763 
4350 
2593 
3448 
1427 
4108 
1961 
169 
446 
1755 
4024 
2696 
4077 
4432 
2007 
2811 
3576 
3651 
3980 
1769 
2572 
4121 
3511 
3213 
4039 
68 
1598 
185 
1375 
4256 
2667 
2110 
3908 
1383 
52 
2626 
1773 
2371 
2453 
657 
885 
2136 
1614 
4220 
3981 
2201 
1740 
1962 
1579 
2148 
42 
4143 
3920 
4580 
3264 
1733 
2564 
1827 
3816 
3628 
1779 
642 
1000 
3942 
3975 
822 
3253 
2920 
1053 
1540 
3496 
1546 
1454 
1792 
2688 
1460 
750 
4465 
1230 
3297 
1641 
158 
771 
3950 
2762 
2400 
2286 
3322 
2077 
4188 
3498 
1073 
4242 
335 
3895 
3350 
3548 
1589 
811 
3976 
994 
760 
953 
213 
947 
3112 
4425 
1858 
254 
171 
577 
993 
152 
786 
948 
3387 
2998 
569 
3677 
3870 
4485 
3325 
1528 
1504 
3672 
3948 
4483 
1556 
804 
2610 
43 
720 
3505 
2605 
3796 
1958 
4555 
3401 
4434 
2621 
2395 
3307 
1657 
2004 
4474 
3214 
44 
723 
2360 
1166 
3131 
1009 
2835 
4529 
4547 
2440 
4131 
3613 
2543 
3087 
854 
1093 
4419 
2055 
2736 
1107 
2382 
2014 
690 
234 
3225 
3683 
3611 
3386 
2964 
4386 
4012 
836 
2255 
1572 
3400 
255 
4520 
1911 
959 
3049 
3012 
4359 
3298 
2767 
2618 
1694 
745 
3019 
4310 
1800 
3678 
1489 
1774 
1505 
3306 
370 
2507 
673 
2387 
2104 
618 
298 
2209 
3292 
290 
2481 
2642 
3346 
1936 
170 
1833 
3624 
1420 
2193 
1859 
2248 
2505 
2502 
326 
3963 
4345 
4579 
2052 
552 
3255 
858 
693 
3314 
3694 
996 
1340 
2064 
970 
311 
1712 
124 
3985 
698 
1979 
3438 
1434 
839 
187 
1124 
2155 
2529 
1207 
2552 
4201 
1851 
4022 
3973 
4090 
2339 
4168 
4272 
4533 
3990 
4221 
2300 
461 
3753 
1978 
2187 
3472 
3510 
93 
3155 
2418 
4218 
31 
2184 
2272 
1768 
2097 
2871 
3752 
2401 
3831 
190 
1706 
784 
218 
2634 
2953 
4290 
2327 
3884 
3998 
2682 
778 
1058 
376 
1092 
1890 
1296 
3418 
2296 
4471 
1047 
1424 
1078 
3109 
886 
3928 
195 
2715 
1671 
1908 
4571 
3453 
1085 
3470 
3263 
3220 
1821 
3856 
845 
2738 
2581 
2779 
2712 
1147 
2354 
3319 
509 
2681 
1855 
77 
2995 
2992 
2566 
2357 
191 
2172 
1966 
604 
4231 
1521 
696 
651 
2754 
1286 
2884 
3277 
3849 
3285 
4120 
3129 
560 
1184 
2156 
501 
2310 
3246 
1088 
2202 
1470 
1604 
3207 
4562 
2442 
3996 
3544 
2890 
2732 
109 
4354 
3417 
2133 
2526 
1995 
178 
450 
2555 
2944 
3759 
658 
1659 
4156 
2699 
1435 
3183 
317 
712 
4307 
2434 
440 
1841 
3205 
529 
511 
2146 
2333 
1668 
328 
2980 
1885 
1414 
3506 
4202 
1571 
1559 
3029 
2983 
3518 
3679 
4548 
1103 
980 
3822 
1483 
160 
226 
334 
3361 
146 
897 
3134 
523 
700 
4528 
3564 
3642 
3746 
734 
4006 
1313 
1697 
444 
1711 
1248 
2112 
3104 
2063 
3635 
230 
769 
345 
915 
2586 
3362 
2259 
3007 
1279 
1754 
2408 
451 
1015 
3038 
1358 
1277 
2568 
611 
4411 
1910 
494 
3607 
2242 
4186 
2270 
681 
2991 
481 
1214 
1510 
209 
4252 
964 
2649 
47 
3879 
4071 
4055 
3118 
2824 
3222 
3887 
1900 
2791 
1004 
3790 
1146 
270 
129 
1082 
4074 
2781 
2269 
2823 
3595 
2316 
2966 
2576 
2945 
1550 
1033 
1948 
1685 
3797 
702 
1805 
4391 
616 
1519 
746 
3569 
3016 
2717 
3114 
1811 
2231 
1538 
2988 
3722 
4521 
4258 
1180 
1378 
297 
4057 
1055 
1949 
1232 
108 
1024 
411 
4067 
2659 
2482 
938 
1824 
1575 
1915 
3065 
2028 
1486 
2869 
1676 
2828 
3440 
3504 
409 
2194 
1789 
2603 
4149 
2831 
4321 
2692 
3128 
3529 
3615 
2818 
2486 
528 
4124 
4489 
3627 
1512 
842 
3353 
320 
2167 
900 
2391 
972 
4212 
3820 
1897 
3523 
3923 
3656 
95 
2698 
482 
1114 
3713 
3946 
1896 
3507 
1419 
4347 
2702 
3333 
4460 
415 
1126 
1670 
2370 
4019 
4494 
1791 
2029 
1462 
2993 
1764 
1493 
3842 
2165 
1620 
1868 
689 
2866 
820 
429 
962 
4182 
3023 
2204 
1971 
4360 
4288 
3084 
3396 
2638 
1240 
3150 
3551 
1684 
3825 
4361 
2224 
474 
3590 
3408 
1384 
3933 
2952 
1305 
1996 
1548 
1899 
3160 
4152 
3743 
2503 
4079 
3111 
2842 
2582 
733 
724 
3706 
3894 
2118 
3136 
1116 
1968 
692 
3469 
1545 
2031 
4367 
2950 
2447 
445 
1161 
4172 
1062 
2643 
470 
3515 
4335 
18 
4043 
3139 
3383 
2348 
1951 
3935 
2085 
4082 
3402 
3195 
1449 
2414 
3979 
1883 
2813 
2713 
4141 
2794 
3229 
3011 
4476 
2700 
3158 
99 
2169 
2205 
4209 
309 
2606 
3919 
2459 
1675 
1645 
2714 
3646 
4530 
1268 
3046 
870 
2214 
359 
3274 
3850 
3914 
2170 
2537 
2979 
2069 
537 
4011 
1902 
2091 
2523 
626 
391 
4173 
2785 
153 
2615 
3929 
2320 
1068 
361 
2671 
4113 
3192 
2557 
4414 
4457 
4326 
3303 
393 
1802 
4235 
2658 
3063 
648 
1325 
3938 
2893 
3381 
3095 
2976 
26 
3210 
2949 
2876 
4053 
4467 
3526 
4379 
670 
3275 
3572 
3468 
2405 
4561 
3947 
907 
1475 
243 
2158 
4511 
956 
453 
4376 
1079 
2886 
3462 
3310 
2366 
3161 
2592 
3404 
71 
2359 
2981 
4035 
2342 
371 
3741 
194 
3477 
1788 
3592 
2108 
3156 
3332 
2598 
397 
365 
2265 
2513 
1646 
3829 
2830 
1400 
4416 
2758 
860 
3688 
1020 
1127 
3055 
2990 
2962 
1903 
1817 
610 
1231 
330 
1625 
291 
2330 
1715 
517 
1415 
512 
53 
1028 
3072 
899 
75 
3765 
2720 
1283 
3610 
2213 
1098 
1261 
3258 
1134 
3583 
589 
1600 
4398 
4014 
280 
1072 
4299 
818 
2790 
4139 
1857 
1258 
2718 
1272 
1373 
437 
484 
3854 
475 
4066 
3436 
3251 
114 
2083 
1663 
3524 
142 
1649 
479 
233 
3249 
1366 
4250 
2082 
4303 
906 
2268 
3110 
21 
3121 
4539 
954 
1739 
1160 
809 
1918 
2965 
2106 
1502 
4383 
2556 
4564 
1728 
125 
3090 
1815 
1186 
3501 
3959 
1866 
2611 
3324 
3088 
1704 
4404 
1188 
12 
1605 
425 
763 
3124 
2914 
4031 
3563 
2661 
1495 
2163 
4500 
3300 
3493 
653 
1895 
2675 
2825 
4244 
3682 
3756 
455 
1953 
2162 
3411 
97 
60 
3750 
1894 
925 
2926 
3173 
2385 
3050 
4 
101 
1526 
2861 
1965 
239 
1767 
3234 
1796 
269 
395 
518 
1636 
534 
2693 
244 
1469 
2178 
2848 
4282 
2121 
1993 
3170 
614 
145 
3217 
193 
2802 
1156 
1613 
731 
3475 
332 
3660 
4178 
3024 
2145 
28 
647 
3189 
2947 
3932 
1563 
504 
3729 
3685 
2518 
1228 
2778 
281 
240 
2645 
2881 
4468 
1829 
2765 
3429 
3372 
4515 
3078 
2489 
3123 
1171 
3619 
838 
2898 
678 
3686 
2750 
3474 
2924 
1999 
4283 
1152 
1345 
1750 
1363 
3819 
946 
2809 
2657 
3586 
237 
2705 
739 
3689 
988 
1590 
1487 
2386 
2035 
609 
1852 
1030 
508 
3995 
1861 
3570 
3857 
3898 
1008 
4027 
605 
3126 
3151 
3812 
1491 
3463 
2770 
766 
3964 
3377 
2535 
3004 
3360 
566 
2458 
3410 
4106 
206 
2797 
3317 
1338 
719 
249 
1054 
941 
2771 
722 
4526 
3245 
4508 
2485 
3712 
2817 
154 
1398 
1976 
2972 
1090 
4233 
4137 
1370 
1820 
3764 
958 
389 
1193 
1721 
2680 
1450 
1112 
3792 
4005 
3397 
4323 
3925 
2796 
4191 
3247 
2999 
3633 
1157 
3405 
80 
2048 
4184 
3260 
421 
1229 
1634 
4032 
2923 
4241 
3536 
1516 
1595 
3291 
3157 
2049 
488 
3905 
1724 
3647 
547 
4544 
392 
1159 
3057 
3899 
872 
250 
2934 
3343 
4277 
3254 
17 
3659 
1853 
721 
1292 
841 
935 
2147 
1994 
2865 
2599 
3716 
2326 
613 
3330 
2931 
1622 
943 
4452 
3328 
874 
29 
3540 
4358 
1433 
1224 
2067 
1892 
635 
2868 
4174 
432 
4352 
1924 
777 
456 
883 
3528 
3243 
2569 
1746 
2583 
2902 
2982 
50 
2857 
990 
515 
2847 
3329 
3593 
2256 
90 
73 
2381 
1854 
110 
1864 
3058 
1923 
762 
1771 
3106 
282 
4065 
640 
1023 
2538 
2321 
2512 
4453 
399 
1204 
912 
163 
203 
4315 
3323 
3864 
790 
4240 
3547 
3918 
770 
1408 
2279 
2308 
819 
2483 
2309 
4417 
3719 
4196 
1295 
3568 
4305 
3416 
868 
489 
1322 
4572 
834 
1931 
2244 
4225 
1235 
3516 
3167 
629 
4487 
307 
252 
880 
2402 
4578 
1587 
1842 
2826 
2056 
166 
1137 
3278 
3562 
1174 
2493 
358 
3073 
1497 
3708 
877 
4384 
714 
3458 
4041 
94 
3904 
3728 
1928 
76 
2891 
1530 
4095 
4351 
539 
2500 
495 
1633 
499 
1226 
1760 
1143 
3617 
4025 
765 
4304 
372 
3779 
4344 
2105 
2900 
3654 
4512 
2763 
1826 
4464 
2337 
1742 
3687 
4036 
2727 
4478 
2752 
2399 
2437 
2197 
3669 
3944 
3738 
2977 
72 
2216 
950 
2735 
204 
3760 
2199 
2986 
4518 
2527 
600 
1233 
1909 
4387 
1667 
3162 
865 
1270 
245 
617 
1848 
4325 
1129 
4180 
1097 
1381 
2018 
2786 
4234 
