636 
2529 
947 
3270 
892 
1264 
2554 
1204 
4168 
3481 
1405 
4464 
2170 
2962 
766 
3161 
1391 
2499 
3404 
3102 
4366 
2633 
1758 
4188 
1192 
2597 
430 
3208 
2311 
397 
211 
3668 
3893 
4056 
2418 
1290 
2760 
2439 
3808 
896 
355 
4159 
4140 
2970 
555 
709 
1285 
3146 
1884 
733 
2744 
4322 
2301 
4446 
570 
3022 
1828 
4030 
687 
147 
2543 
1931 
4411 
1469 
1220 
2029 
1471 
1102 
3235 
193 
1408 
245 
2313 
2768 
4207 
3517 
3282 
4501 
1407 
926 
1198 
1597 
1831 
3093 
750 
3905 
2217 
2335 
3473 
3252 
3552 
3845 
1063 
2879 
2482 
3216 
535 
3549 
3241 
2925 
4365 
3114 
881 
4008 
370 
4243 
526 
1660 
3156 
1374 
440 
493 
2890 
3571 
256 
2984 
4477 
1030 
4269 
3563 
2443 
1835 
4313 
3003 
4462 
1142 
155 
3803 
4132 
1877 
2536 
2761 
2835 
4342 
2709 
588 
4294 
3961 
2930 
1990 
4208 
3012 
2341 
2886 
3950 
2814 
3389 
4377 
3681 
2566 
435 
3013 
4523 
2038 
2818 
3697 
1546 
1053 
250 
4550 
3738 
2255 
2947 
3994 
2737 
2299 
4257 
3260 
1418 
2047 
3987 
1528 
1257 
105 
675 
3878 
414 
361 
4499 
326 
667 
769 
3550 
3153 
4115 
4419 
1761 
2927 
4245 
3450 
2966 
1168 
3131 
3827 
2965 
3735 
1322 
1159 
1115 
2809 
4565 
136 
3972 
477 
2117 
409 
3004 
1798 
2770 
356 
3035 
3288 
1084 
3182 
3968 
4329 
1498 
790 
810 
2288 
2377 
3699 
2144 
4469 
2271 
3707 
3926 
1703 
1762 
1691 
546 
2304 
4393 
1211 
4406 
3403 
26 
90 
2200 
4163 
1485 
1763 
1853 
461 
52 
2198 
4100 
2214 
2530 
4323 
551 
3249 
3221 
3116 
1678 
1370 
1565 
47 
3614 
1632 
4296 
3348 
3464 
2577 
1443 
153 
2473 
3412 
1079 
4486 
3310 
1260 
1708 
832 
4409 
3925 
2134 
4150 
1100 
36 
4530 
1782 
3322 
2674 
1940 
39 
3577 
4528 
4047 
866 
460 
4187 
2672 
2730 
1480 
1029 
1363 
157 
2690 
4371 
3207 
3171 
2721 
777 
2112 
3257 
1941 
117 
27 
3866 
739 
2567 
2078 
3092 
2162 
1895 
143 
2578 
1903 
4563 
4 
1369 
3558 
2426 
2130 
4227 
490 
4511 
1269 
1275 
1335 
2298 
4570 
2122 
1980 
4379 
1862 
469 
1743 
2898 
647 
2191 
1097 
3718 
1357 
1872 
568 
1920 
1484 
3942 
4314 
2062 
2303 
937 
2287 
3475 
1520 
2345 
3098 
1760 
4312 
3474 
2350 
1515 
1785 
3151 
3141 
3744 
3011 
3265 
2733 
3627 
3506 
133 
1347 
3074 
4106 
3543 
4421 
2088 
944 
2503 
1764 
2438 
1185 
864 
2236 
4434 
2496 
3456 
4025 
4558 
2458 
3676 
4453 
4122 
1814 
1367 
782 
1927 
1945 
1860 
2106 
3090 
3420 
2616 
2155 
2978 
474 
3230 
1234 
2487 
1952 
4027 
2522 
582 
715 
3172 
869 
2259 
4240 
1824 
2698 
3138 
4531 
1431 
2777 
1569 
480 
4349 
3755 
1297 
3768 
470 
3965 
1183 
2115 
2103 
1467 
2058 
4028 
1607 
3883 
4317 
1086 
3936 
1593 
4004 
3619 
971 
1512 
4258 
3432 
2545 
3127 
2638 
3439 
3843 
1781 
694 
981 
676 
732 
3704 
1071 
913 
2691 
372 
3514 
2161 
3201 
1694 
1791 
4152 
1255 
2280 
4359 
360 
2384 
3700 
4516 
476 
3939 
3186 
999 
2668 
3296 
1345 
4155 
3352 
4220 
1445 
1365 
3784 
2574 
2284 
2092 
1834 
953 
4179 
886 
3066 
228 
3057 
1494 
1031 
4308 
4399 
911 
3468 
3043 
1483 
3344 
2480 
3750 
1876 
4189 
1552 
786 
1492 
293 
3728 
382 
2070 
2033 
2640 
3210 
3867 
4467 
1479 
2657 
2725 
927 
1470 
1215 
4396 
1582 
2212 
2948 
1487 
2534 
2739 
3463 
1733 
3015 
237 
2679 
3487 
1036 
3187 
834 
498 
2712 
998 
1354 
808 
4176 
3371 
3745 
3173 
3306 
4063 
4311 
2113 
4228 
328 
108 
3121 
53 
1025 
1687 
2244 
1693 
1003 
3170 
1712 
4293 
1918 
2393 
1181 
398 
727 
3954 
3880 
1371 
173 
1804 
380 
1092 
4057 
658 
597 
3589 
2323 
4011 
2263 
4513 
781 
3837 
4285 
580 
1394 
891 
3229 
2832 
1252 
4160 
384 
948 
680 
695 
4432 
1887 
3327 
2763 
943 
3629 
4354 
2884 
2617 
566 
123 
1982 
2648 
4177 
37 
3328 
2090 
3340 
4125 
1639 
1971 
2424 
587 
2917 
207 
1239 
1646 
3888 
4234 
11 
2081 
3276 
2610 
666 
1655 
4500 
1191 
860 
1329 
103 
2165 
2243 
3648 
2471 
1719 
3490 
2537 
3649 
82 
792 
177 
4562 
408 
2755 
35 
10 
471 
359 
124 
622 
623 
3879 
2824 
1449 
1832 
3813 
28 
1110 
3149 
2181 
1238 
2261 
1992 
3308 
757 
1416 
2659 
3574 
3196 
2773 
1057 
1060 
1916 
1902 
3477 
4107 
1321 
107 
2316 
898 
2654 
1827 
4427 
1839 
3872 
1893 
3752 
2356 
2069 
1533 
935 
3266 
3694 
502 
541 
970 
467 
3424 
2525 
2232 
1017 
2517 
4292 
116 
1995 
717 
803 
4476 
4368 
2136 
2676 
265 
4040 
4424 
2395 
4169 
3825 
1045 
2484 
2442 
839 
2860 
4572 
2107 
2146 
4347 
3295 
2642 
1313 
1673 
142 
759 
3688 
1731 
2497 
373 
2920 
4019 
2697 
3844 
2111 
3748 
3497 
4020 
458 
1177 
868 
4062 
2559 
2307 
4518 
1058 
1957 
168 
3864 
1340 
3849 
1821 
616 
2018 
1857 
3251 
2607 
1688 
1865 
871 
74 
3119 
2909 
3408 
2711 
1963 
2729 
4271 
3652 
1412 
1105 
3751 
1570 
307 
3544 
656 
1109 
1343 
1843 
876 
3472 
1759 
3731 
457 
4487 
1789 
4156 
255 
2250 
2139 
2976 
429 
1475 
1263 
1083 
3100 
4418 
438 
3047 
3334 
923 
1376 
4110 
3761 
2523 
2368 
2655 
1724 
3974 
2981 
4158 
4287 
956 
989 
1395 
4386 
2385 
858 
3198 
1425 
2436 
2720 
4170 
3906 
1116 
1510 
2856 
882 
1414 
4498 
1331 
521 
1535 
1064 
2158 
3904 
2838 
1349 
1324 
2986 
670 
524 
3416 
3788 
1447 
707 
4506 
3734 
2825 
281 
3135 
3580 
1478 
2869 
403 
812 
2599 
145 
3335 
1048 
708 
4361 
15 
2680 
204 
908 
3200 
4085 
1544 
1953 
1325 
352 
4452 
1516 
3886 
2911 
1577 
807 
3666 
3746 
3659 
2126 
433 
1727 
2075 
2867 
183 
485 
309 
1397 
3036 
2594 
3337 
4231 
4485 
2495 
1822 
110 
2505 
2030 
3008 
2226 
2455 
2039 
2413 
749 
2365 
4268 
178 
3508 
4052 
4259 
2924 
385 
2370 
4319 
2539 
2453 
63 
2475 
2885 
1748 
2963 
4454 
463 
4059 
4291 
2055 
3915 
2142 
2340 
2913 
3197 
1645 
3853 
974 
1047 
4102 
1658 
1219 
2706 
2661 
4468 
4114 
3169 
583 
40 
2398 
3573 
2688 
3312 
97 
1250 
3346 
589 
1654 
4223 
2277 
681 
3058 
1178 
4054 
1497 
4333 
640 
1707 
712 
543 
2441 
1911 
542 
2990 
4104 
2527 
3921 
3919 
1581 
1820 
340 
2160 
1482 
91 
4118 
3871 
3956 
2701 
2137 
3885 
1424 
1200 
2305 
432 
3642 
2504 
1946 
248 
3672 
2210 
7 
374 
2939 
4071 
4369 
1670 
2664 
1737 
533 
1505 
1584 
3259 
1027 
2840 
2945 
3245 
1271 
763 
2157 
236 
2781 
4282 
3538 
1808 
3350 
286 
215 
396 
1915 
196 
3510 
1012 
3999 
2045 
880 
3409 
3143 
608 
2225 
2541 
4488 
44 
1777 
3722 
2429 
2693 
3125 
3537 
3796 
1190 
13 
954 
1004 
2759 
3248 
4475 
3502 
341 
4171 
3419 
81 
863 
2746 
2742 
4512 
3211 
1006 
4426 
2571 
2326 
3781 
1156 
3898 
861 
3715 
1333 
76 
753 
3541 
1203 
3900 
720 
3425 
2269 
2774 
1661 
1462 
4174 
3218 
2681 
128 
3527 
2204 
3695 
2338 
2493 
773 
1844 
1136 
1273 
3515 
744 
3021 
2623 
1890 
1942 
940 
713 
4201 
641 
3179 
2812 
1254 
557 
742 
1672 
2386 
3050 
532 
4264 
428 
3570 
1816 
912 
1818 
1037 
1054 
3756 
1718 
2329 
4554 
3986 
258 
3129 
4508 
2880 
2407 
238 
1336 
2608 
2476 
575 
199 
297 
3812 
4164 
2526 
2472 
3562 
484 
1375 
80 
1549 
1140 
788 
2938 
1753 
4034 
547 
2630 
4082 
2014 
45 
3144 
844 
2905 
564 
3598 
3964 
724 
140 
677 
2328 
229 
2166 
3800 
464 
267 
3555 
1277 
3203 
2916 
3193 
569 
4182 
1722 
2180 
685 
1710 
3540 
3315 
4238 
1964 
1997 
838 
3899 
4429 
2254 
2982 
794 
1464 
2049 
2230 
1276 
1319 
3070 
226 
2563 
64 
3636 
3710 
1509 
169 
1351 
3989 
130 
365 
3447 
2275 
3775 
958 
2013 
1567 
4251 
270 
2403 
2401 
4017 
2941 
3635 
4120 
516 
1559 
3061 
2865 
2101 
1307 
1682 
672 
696 
2289 
3569 
4465 
2834 
2342 
538 
1222 
818 
2619 
2068 
1704 
3567 
1566 
2457 
2353 
3227 
1585 
1390 
1767 
689 
4420 
1256 
1578 
2215 
4270 
4536 
4280 
2118 
1450 
754 
2168 
314 
806 
336 
1348 
2506 
3640 
3576 
1404 
850 
2085 
2940 
1070 
4388 
1184 
607 
296 
3351 
3789 
2197 
189 
2380 
2314 
651 
3118 
3076 
3953 
4193 
4451 
2448 
3933 
1626 
1522 
2125 
4146 
928 
1987 
2717 
4442 
3585 
1120 
527 
3434 
1728 
3740 
4579 
1039 
1683 
4097 
930 
2894 
3067 
351 
2540 
4497 
678 
1624 
1149 
421 
1046 
4192 
2811 
3271 
46 
2923 
1944 
4235 
842 
3980 
1702 
3764 
3329 
4145 
4328 
475 
2872 
1208 
945 
2293 
1617 
559 
1947 
737 
3086 
2201 
3720 
1701 
285 
4375 
3852 
768 
865 
2207 
4470 
2002 
3268 
1838 
2611 
4367 
2361 
3411 
3626 
1022 
4505 
3683 
2462 
2054 
2575 
1382 
2673 
3730 
3368 
4444 
2855 
3823 
4166 
1419 
1769 
3634 
3975 
3804 
1150 
3039 
2900 
3709 
1792 
2795 
585 
1251 
4136 
2434 
4154 
1917 
4250 
4018 
1605 
4303 
4545 
1248 
2793 
1133 
683 
831 
439 
2975 
3639 
3309 
1023 
662 
3372 
3528 
2756 
4440 
1280 
605 
371 
3679 
406 
1936 
2560 
4143 
2833 
67 
89 
3805 
1499 
531 
4060 
4147 
1051 
674 
1042 
736 
2511 
552 
1468 
1695 
700 
3287 
3806 
1247 
3901 
2449 
273 
2382 
2580 
3444 
2686 
3785 
2656 
1870 
2016 
650 
349 
3703 
3292 
3658 
334 
2104 
1861 
836 
2533 
1813 
1227 
1332 
1344 
1557 
1589 
2949 
4559 
2082 
1427 
1118 
540 
1393 
2120 
824 
591 
262 
2318 
1809 
2474 
2042 
828 
938 
3979 
1954 
2564 
4246 
2489 
1261 
4326 
4123 
1529 
3237 
3180 
3892 
2819 
1633 
1495 
648 
3882 
1504 
4109 
1901 
606 
1747 
924 
2576 
2699 
840 
1576 
129 
4272 
3927 
3568 
496 
14 
3907 
1094 
3376 
4273 
2609 
25 
2685 
4480 
4185 
2704 
332 
1400 
4049 
688 
3320 
1489 
353 
1740 
3597 
2459 
3547 
160 
2010 
2794 
275 
544 
2076 
1398 
987 
4022 
4263 
3192 
2279 
1514 
1616 
500 
2605 
2374 
2366 
2321 
148 
2943 
991 
3089 
1653 
1147 
3618 
2140 
24 
2387 
2766 
4560 
3414 
4390 
99 
4241 
654 
1153 
920 
4065 
1201 
3018 
3133 
180 
862 
3790 
3969 
4066 
4072 
4194 
2369 
2272 
1135 
3326 
4225 
4127 
3421 
1413 
3513 
3343 
3304 
3177 
2396 
673 
3139 
3458 
4139 
119 
3370 
2357 
1173 
4356 
1692 
571 
2827 
4196 
1165 
1914 
1000 
3485 
2908 
3595 
2532 
4184 
4417 
2041 
1677 
1969 
3531 
595 
1803 
1439 
1206 
906 
1292 
1805 
2242 
2789 
3862 
2864 
1934 
1793 
2600 
322 
4153 
2815 
3557 
4575 
3835 
3548 
2378 
17 
2921 
3533 
4069 
2026 
1716 
1840 
4384 
2557 
2959 
2979 
1009 
1715 
118 
4275 
4126 
718 
1965 
2515 
985 
1318 
1900 
1879 
4567 
993 
3246 
2065 
3307 
3774 
2625 
3401 
1935 
1923 
4415 
3269 
3931 
2808 
630 
3924 
2703 
4529 
1134 
3967 
3486 
914 
2512 
1700 
1830 
2722 
1625 
1410 
1875 
1137 
1734 
4137 
3817 
2486 
1091 
3856 
3405 
4394 
4343 
1128 
4564 
2337 
1095 
3778 
1981 
3724 
1711 
3930 
2178 
3323 
1554 
3415 
3940 
1205 
1152 
4175 
172 
1610 
12 
2128 
2247 
2324 
2971 
3005 
4265 
2671 
1311 
2405 
1143 
3628 
2132 
3470 
2603 
2946 
1659 
1802 
3995 
4316 
3393 
4149 
1794 
2241 
4084 
1323 
2604 
2266 
857 
1551 
1738 
230 
4428 
3918 
2119 
3002 
3637 
2836 
721 
3814 
120 
3985 
4041 
633 
3516 
2419 
3932 
4398 
3603 
642 
3286 
1784 
1463 
3314 
3604 
3820 
2011 
1362 
1833 
4157 
2404 
901 
1453 
2806 
4364 
54 
73 
93 
2156 
2692 
2469 
452 
4325 
2483 
618 
1131 
3461 
4135 
2412 
592 
2080 
4520 
2589 
2910 
2994 
3507 
4001 
3991 
1291 
1643 
3644 
1721 
415 
4503 
1434 
2644 
3934 
2063 
3721 
3766 
3214 
665 
4229 
2754 
1245 
2048 
1975 
764 
4111 
1213 
299 
939 
2067 
1377 
4006 
3162 
2968 
3243 
2645 
4013 
2647 
287 
2461 
2020 
3951 
2024 
1951 
2164 
112 
4431 
655 
1316 
442 
4144 
1127 
4430 
2652 
2802 
4449 
3202 
4218 
1773 
2853 
3811 
2105 
2206 
4070 
1228 
2677 
875 
1103 
2394 
4277 
705 
2358 
4541 
3868 
3660 
453 
4173 
4039 
1508 
3891 
957 
1580 
3522 
3982 
141 
644 
512 
419 
3358 
2889 
1117 
1962 
2406 
837 
2727 
4537 
1389 
3167 
1841 
4320 
2710 
3798 
1422 
4412 
2017 
3126 
3402 
48 
2074 
2036 
122 
3236 
660 
1842 
4014 
395 
961 
1882 
1216 
16 
936 
436 
86 
1473 
3023 
1224 
3706 
3749 
402 
1845 
4038 
1601 
2876 
4337 
2109 
4461 
2302 
3997 
4341 
1176 
2518 
2043 
2237 
509 
2004 
233 
3095 
867 
3194 
1161 
973 
1615 
3024 
3802 
845 
3234 
902 
2322 
2334 
2174 
1649 
495 
3009 
3631 
3690 
335 
115 
846 
511 
3857 
4304 
3684 
4078 
897 
635 
2707 
3128 
4050 
2150 
3588 
3398 
283 
1717 
1983 
3651 
771 
1757 
4473 
4309 
899 
4024 
2153 
2005 
2582 
804 
802 
1846 
1295 
2027 
1518 
1451 
2360 
4306 
210 
2297 
1401 
2031 
3113 
4552 
2548 
3145 
1967 
1991 
2309 
1671 
3698 
3264 
3881 
154 
661 
2507 
3976 
4455 
3911 
1459 
227 
3579 
3219 
1209 
4338 
1558 
549 
2953 
4058 
4216 
257 
1744 
174 
3176 
3493 
534 
3302 
3480 
1986 
2222 
240 
3142 
4348 
3687 
2572 
2514 
4360 
562 
3392 
1155 
246 
2596 
69 
603 
1503 
1623 
2967 
4214 
517 
1189 
2290 
4247 
3413 
3641 
4533 
2775 
3369 
2224 
3680 
1218 
890 
4089 
4087 
2216 
2813 
3364 
358 
4546 
4344 
2371 
3111 
2192 
3366 
819 
3841 
628 
2996 
3675 
158 
34 
4463 
2767 
3357 
1783 
624 
2519 
1392 
3284 
1848 
2420 
3826 
2803 
4267 
2219 
1894 
3256 
711 
3524 
187 
132 
1074 
62 
634 
4239 
3613 
3452 
878 
4346 
3406 
4073 
4302 
4535 
3832 
1072 
4336 
3591 
3281 
1068 
1268 
1714 
1474 
3205 
2667 
1874 
2915 
3609 
1341 
612 
1548 
269 
3279 
3390 
3385 
2177 
1999 
2084 
3467 
2621 
1113 
1937 
1674 
1287 
3622 
3594 
4514 
2260 
2 
1863 
1723 
1283 
1383 
1922 
848 
4206 
796 
3779 
3996 
1496 
2294 
2300 
4032 
3311 
3846 
4299 
3386 
3758 
3960 
4492 
2544 
2556 
2189 
249 
8 
731 
201 
1175 
209 
2064 
2570 
205 
3509 
3101 
4301 
2428 
1454 
2851 
4113 
2546 
2895 
2528 
3478 
1085 
2252 
2223 
77 
3546 
934 
2992 
4180 
2961 
690 
2417 
2145 
2829 
2724 
2972 
2375 
4397 
3029 
701 
2919 
3780 
4524 
3587 
1050 
487 
1402 
859 
3272 
2267 
4435 
2696 
4324 
4199 
959 
2902 
3378 
1984 
745 
3815 
1527 
2131 
2025 
3713 
3943 
4167 
2797 
2327 
2951 
525 
3367 
284 
3033 
1396 
381 
3396 
4351 
1765 
747 
3428 
3922 
1590 
2003 
387 
1179 
646 
181 
2408 
800 
1049 
2850 
3339 
2822 
3250 
847 
3285 
2414 
1926 
983 
2837 
3500 
2169 
1163 
855 
3388 
259 
1432 
3729 
4527 
1167 
3422 
821 
3072 
3455 
601 
4542 
3655 
2583 
393 
992 
1302 
3317 
1317 
3384 
2643 
3399 
816 
3233 
111 
1609 
1399 
4081 
4507 
1021 
814 
2135 
4515 
424 
405 
65 
1195 
4494 
2352 
4568 
2100 
3726 
4195 
1669 
1908 
3489 
488 
3870 
427 
4576 
3869 
1130 
2488 
3062 
4410 
2510 
1564 
1493 
3394 
1162 
231 
2830 
1108 
3727 
3978 
1560 
3791 
2883 
3165 
2950 
305 
9 
2060 
610 
3716 
4450 
3354 
2182 
3082 
620 
3981 
3123 
1388 
835 
295 
362 
946 
1613 
1925 
1007 
2549 
79 
4007 
2682 
1112 
83 
426 
2914 
3935 
565 
3620 
3273 
3959 
441 
411 
4408 
1854 
304 
1169 
4283 
1709 
344 
1032 
2057 
602 
604 
649 
1614 
3174 
4101 
49 
2409 
977 
775 
3705 
1780 
917 
1223 
870 
1197 
4471 
3584 
50 
1270 
3321 
4210 
29 
2094 
3442 
1752 
3360 
2649 
4183 
2348 
4340 
3291 
2257 
4370 
3607 
2561 
2870 
4278 
320 
1909 
1883 
3786 
2331 
217 
772 
2716 
1525 
3712 
3553 
1928 
1466 
2050 
225 
4557 
96 
3045 
4481 
3496 
1847 
2627 
950 
3725 
1350 
1188 
550 
363 
3873 
4129 
194 
437 
2944 
31 
3952 
2028 
330 
584 
2425 
2320 
1720 
1125 
3615 
3685 
3691 
1571 
4307 
4525 
2349 
3582 
2749 
1641 
3674 
2114 
4391 
491 
3465 
2615 
4215 
1067 
3630 
539 
1403 
4566 
1913 
3944 
1929 
2147 
186 
357 
4376 
1807 
3917 
2595 
1538 
338 
1300 
2079 
3795 
4198 
4395 
1296 
220 
1825 
4254 
1005 
3332 
2440 
2684 
1939 
3124 
2831 
2173 
43 
576 
1298 
1444 
197 
703 
964 
2689 
3783 
1837 
3298 
2845 
2494 
2012 
1910 
1664 
1087 
637 
1690 
761 
4046 
2631 
1232 
506 
1486 
2538 
4521 
513 
134 
3542 
2019 
478 
617 
3155 
3316 
3897 
3829 
2460 
615 
425 
573 
1066 
2632 
2235 
3206 
3518 
3831 
2362 
288 
951 
1513 
4134 
4532 
394 
1452 
1429 
1636 
434 
447 
3521 
3532 
789 
2333 
2477 
4048 
4212 
3387 
3226 
4401 
697 
2185 
668 
3454 
354 
489 
1892 
1262 
2700 
3717 
599 
2780 
1896 
1521 
4578 
2468 
161 
1898 
519 
38 
1274 
1107 
1994 
1622 
3238 
1011 
2213 
3777 
574 
2861 
4549 
1526 
2798 
798 
2817 
271 
3373 
3941 
350 
760 
1421 
2179 
1433 
2478 
1774 
2892 
1040 
554 
2624 
2072 
3504 
3565 
2670 
3937 
1631 
3382 
4092 
979 
2149 
1852 
2790 
2465 
1606 
1766 
4165 
1657 
4459 
4436 
2176 
3191 
1166 
1458 
3094 
780 
755 
963 
3664 
2121 
783 
3617 
1579 
2841 
4045 
135 
1608 
903 
3708 
1001 
213 
3838 
3810 
3787 
1090 
1561 
3875 
3938 
3719 
3148 
572 
2907 
3209 
1736 
2750 
1244 
3375 
4290 
3195 
3117 
3647 
4474 
4413 
2249 
621 
1310 
2023 
2584 
1958 
669 
121 
1138 
2073 
1574 
805 
679 
3661 
1240 
2116 
3438 
2245 
1229 
1532 
1812 
298 
1873 
3839 
2500 
1705 
762 
4352 
4331 
1666 
1651 
2873 
3107 
972 
2747 
1562 
4281 
3855 
3483 
2598 
318 
3469 
3025 
300 
2430 
3958 
347 
1312 
1787 
1129 
774 
144 
3511 
41 
2008 
3007 
3253 
3048 
2053 
2626 
1968 
2694 
3948 
1635 
127 
3983 
3345 
3081 
2021 
1034 
2823 
1735 
1572 
2034 
2762 
348 
3451 
444 
2205 
3723 
4483 
1089 
1381 
2891 
1799 
473 
164 
2411 
2637 
1886 
149 
4400 
2641 
2734 
3889 
3877 
1959 
960 
1328 
664 
1456 
260 
114 
3656 
3217 
483 
1266 
3645 
2816 
3041 
1305 
472 
1415 
68 
3103 
2771 
1775 
1749 
218 
431 
510 
4502 
1961 
418 
1272 
590 
2208 
3305 
3440 
2402 
2009 
1540 
3578 
3283 
3077 
4373 
3034 
918 
243 
1013 
3559 
581 
2163 
704 
2787 
98 
3556 
1739 
272 
2099 
856 
1301 
2421 
1490 
4015 
2786 
4253 
308 
23 
1679 
1024 
2427 
4262 
2151 
2843 
2332 
152 
1899 
1517 
919 
2508 
653 
3361 
2464 
3865 
3001 
1081 
1008 
1864 
3479 
657 
3476 
280 
3739 
729 
1989 
915 
2728 
2929 
3115 
2888 
3818 
1114 
980 
4315 
1889 
1575 
776 
1033 
19 
331 
4495 
2926 
1242 
2933 
1018 
3551 
1358 
829 
1627 
1563 
1696 
2006 
3060 
2141 
3657 
3365 
3355 
3380 
2138 
417 
3663 
413 
3530 
1746 
3042 
4295 
232 
88 
2046 
3632 
2292 
2317 
730 
2268 
1265 
1730 
4244 
3244 
3753 
3362 
2991 
873 
2821 
2152 
4005 
4064 
3625 
1016 
4403 
253 
3258 
2713 
3163 
765 
1460 
3303 
3554 
2040 
2184 
2635 
1106 
1170 
3498 
3457 
2613 
1299 
822 
1806 
2969 
793 
291 
996 
2339 
2296 
941 
494 
3633 
3581 
3056 
3973 
4138 
2542 
4219 
3920 
3383 
3910 
2839 
2669 
1878 
2934 
1384 
1541 
4209 
242 
2282 
3616 
3665 
3215 
3929 
3895 
2719 
3732 
2974 
179 
3054 
2995 
1171 
247 
593 
3059 
2199 
1524 
4161 
3757 
1077 
2159 
3903 
2000 
203 
104 
2618 
214 
2001 
1355 
4466 
1998 
4437 
61 
4517 
2960 
3046 
889 
1888 
2071 
2675 
1599 
244 
817 
2479 
2381 
567 
499 
1500 
4276 
1788 
3132 
691 
1786 
2059 
1334 
2044 
3769 
3112 
4392 
1233 
1531 
1629 
3395 
216 
4099 
1858 
4202 
2127 
2095 
3435 
3418 
3998 
2498 
4330 
3342 
825 
4010 
2871 
900 
1974 
4061 
1869 
3859 
2433 
3181 
809 
1373 
1428 
627 
389 
2422 
4577 
2715 
1372 
2035 
3199 
904 
3109 
4289 
1523 
2193 
2807 
2295 
1121 
1611 
1241 
4372 
3231 
4076 
893 
3356 
1411 
1353 
1699 
3363 
2586 
3280 
3166 
1199 
443 
32 
1542 
3255 
2741 
3147 
738 
1481 
3175 
4012 
1996 
976 
3397 
1866 
3612 
1790 
1387 
407 
1977 
3277 
922 
3638 
3049 
1124 
448 
4103 
2842 
4334 
2826 
4002 
2066 
1182 
3188 
3157 
2229 
791 
2785 
1158 
1573 
2562 
638 
1438 
1062 
3840 
1885 
2347 
3381 
2056 
1146 
1035 
1157 
3330 
778 
3736 
4457 
1364 
503 
2646 
364 
849 
767 
2344 
1141 
241 
2665 
4378 
3605 
2810 
1905 
726 
333 
1019 
3065 
3908 
1065 
4067 
3225 
3854 
2032 
3019 
2592 
4233 
3902 
2636 
684 
3539 
1426 
3821 
4387 
198 
3160 
3851 
1637 
312 
420 
2932 
3220 
1056 
3702 
3341 
1043 
1506 
2435 
1686 
3427 
1770 
2782 
4205 
2758 
4405 
1202 
2612 
2942 
2423 
3946 
2251 
3977 
4445 
4261 
3122 
586 
200 
2874 
345 
1596 
872 
4433 
2896 
4105 
1015 
4547 
410 
2456 
3545 
2096 
1681 
2757 
1368 
22 
2918 
57 
4021 
1586 
3561 
2308 
3858 
4553 
1145 
2695 
3347 
2123 
4003 
3213 
482 
2183 
2319 
4300 
758 
3017 
1778 
2791 
2581 
3232 
3884 
3212 
4519 
386 
1014 
4491 
3760 
3519 
2651 
3776 
1568 
1978 
530 
3495 
2445 
2211 
3529 
302 
3152 
1078 
84 
3971 
146 
2547 
1441 
3809 
4211 
3068 
2977 
1002 
184 
2051 
2343 
1545 
2552 
4095 
2931 
3610 
2602 
883 
4053 
2705 
1768 
1668 
2866 
1304 
2988 
722 
614 
87 
1556 
1038 
548 
2190 
1970 
1620 
3333 
3733 
826 
3324 
1093 
4493 
1751 
1020 
4489 
3600 
3693 
1859 
4363 
600 
3069 
3947 
2234 
195 
1555 
2857 
1680 
2364 
752 
2714 
2868 
997 
3962 
2233 
2588 
60 
101 
4327 
221 
102 
206 
1174 
4033 
932 
4096 
1849 
138 
2218 
1676 
2446 
1315 
2110 
159 
2521 
4044 
3228 
2312 
965 
756 
2022 
529 
401 
2666 
1446 
51 
561 
1073 
2753 
1729 
310 
1294 
692 
853 
1267 
982 
3966 
3505 
1279 
626 
3027 
3079 
799 
56 
1476 
3819 
1327 
2849 
3828 
1442 
311 
4288 
4310 
4079 
3460 
1338 
3492 
292 
1650 
2999 
746 
1826 
1640 
3010 
234 
379 
1122 
1435 
75 
3689 
1477 
2372 
2306 
1385 
4318 
3064 
579 
1993 
1800 
190 
3261 
2410 
1741 
4256 
578 
21 
2585 
1231 
3318 
1988 
2772 
4279 
1214 
968 
3572 
4098 
877 
3423 
2310 
3824 
1756 
1164 
468 
990 
3400 
3088 
4456 
4203 
3140 
4358 
4425 
4162 
2444 
4332 
1154 
2379 
2764 
3190 
1278 
884 
3772 
3673 
4484 
264 
4197 
445 
2351 
3575 
4108 
619 
301 
4130 
1979 
4321 
4091 
325 
2852 
1423 
2437 
2820 
71 
1044 
3650 
4504 
1667 
3599 
3863 
3297 
1010 
3894 
1675 
368 
4298 
2264 
1488 
276 
1210 
3379 
594 
4357 
59 
4414 
3063 
3073 
3374 
515 
1943 
2463 
1221 
263 
4036 
1472 
3678 
3747 
1588 
514 
2093 
1356 
1339 
3957 
1530 
2723 
3154 
639 
400 
1973 
72 
3106 
3453 
3822 
4213 
1026 
4117 
3765 
1972 
1547 
841 
3484 
1409 
3912 
131 
1259 
2796 
313 
795 
3792 
2454 
2390 
2736 
2952 
693 
4534 
1099 
820 
2129 
719 
3945 
3833 
952 
3692 
4037 
100 
317 
735 
4458 
3134 
995 
18 
1230 
2983 
4009 
1539 
522 
3654 
3448 
3407 
929 
2450 
3606 
3437 
4479 
3592 
319 
4249 
150 
2086 
1306 
1772 
905 
815 
4539 
2102 
1912 
560 
4023 
3267 
321 
536 
1598 
261 
2844 
3667 
3294 
33 
3799 
219 
2291 
3773 
725 
3876 
1796 
2392 
558 
2650 
279 
3842 
716 
2660 
343 
1933 
740 
2196 
1602 
192 
3299 
1293 
481 
2248 
4224 
2171 
3168 
785 
2258 
3446 
3410 
4186 
2678 
1507 
3189 
2912 
2491 
2776 
185 
3466 
3426 
2735 
4548 
1088 
459 
3449 
3526 
2359 
4255 
2089 
2052 
1330 
3120 
3701 
466 
2558 
2800 
2629 
520 
3830 
2397 
3848 
449 
1921 
4090 
921 
2922 
113 
4339 
2752 
3436 
3443 
2133 
3164 
1352 
2954 
2551 
346 
3836 
3204 
235 
1386 
3535 
2194 
4204 
1932 
4441 
4151 
4200 
3491 
4000 
1897 
3313 
95 
2601 
412 
2579 
4131 
223 
4460 
2887 
1320 
1663 
2591 
2573 
2007 
2452 
3586 
4402 
4221 
813 
3742 
3596 
1465 
4423 
4086 
3319 
596 
3224 
1755 
2769 
3754 
2903 
188 
2083 
1891 
4374 
2091 
3593 
3860 
1519 
501 
2516 
1976 
4362 
2985 
797 
2037 
1537 
723 
3914 
1583 
1595 
2281 
2400 
4077 
3430 
2195 
1455 
4274 
3677 
4297 
2186 
1096 
2265 
2256 
1648 
254 
4181 
3150 
3963 
2799 
3184 
2751 
966 
3696 
3494 
4121 
1966 
1930 
1956 
2956 
1082 
20 
4142 
2848 
1346 
4551 
643 
4252 
2502 
1543 
2928 
671 
3137 
4581 
2172 
1587 
2718 
895 
2708 
3222 
1420 
2973 
316 
3301 
3278 
4407 
3130 
416 
969 
2901 
1634 
342 
1868 
3108 
851 
2231 
1225 
3030 
3263 
931 
1111 
252 
3459 
2893 
1437 
3834 
3032 
2531 
377 
2620 
2228 
2687 
629 
2187 
962 
698 
4230 
175 
3353 
4051 
282 
1132 
2481 
879 
2550 
274 
4438 
2634 
2389 
504 
4305 
1148 
455 
2587 
1603 
2239 
3890 
3377 
1069 
2801 
909 
2846 
2783 
2285 
4029 
277 
3686 
126 
598 
1243 
268 
545 
4016 
3611 
2804 
2276 
2997 
337 
3670 
2964 
949 
2745 
3000 
1511 
3300 
465 
4035 
2278 
2238 
2553 
967 
451 
659 
3955 
1689 
984 
1104 
874 
3020 
4222 
823 
2513 
202 
1907 
3417 
375 
2286 
1880 
2492 
2535 
2388 
3293 
4569 
4335 
2881 
3026 
3523 
2748 
404 
2614 
2998 
3993 
3336 
1592 
1836 
885 
2188 
4031 
4574 
3391 
1501 
3040 
278 
1342 
3887 
2485 
887 
1621 
4404 
3896 
2987 
1041 
2253 
2628 
1628 
2726 
3503 
4540 
94 
2565 
2273 
1591 
3431 
714 
1076 
2593 
2467 
2683 
2740 
42 
6 
1361 
1685 
1656 
631 
4522 
2662 
3083 
3767 
329 
843 
710 
3770 
2077 
456 
3445 
1594 
577 
3737 
191 
2367 
784 
2209 
3290 
3653 
212 
925 
1612 
2015 
3816 
2606 
3714 
1378 
3771 
3289 
3080 
2980 
4571 
4236 
1644 
4382 
1448 
1502 
2732 
1491 
3014 
4141 
4555 
1052 
1829 
324 
3916 
3807 
1380 
1289 
4472 
2555 
1919 
4260 
3462 
4381 
497 
4148 
2878 
625 
1801 
1779 
3566 
66 
702 
4074 
1457 
706 
1550 
854 
2203 
423 
139 
4353 
1726 
125 
3075 
3028 
3646 
1226 
1776 
4422 
1754 
1662 
1948 
1359 
1430 
492 
1217 
2470 
1823 
2858 
955 
728 
78 
1366 
366 
4248 
3331 
1253 
2315 
1600 
55 
2167 
166 
663 
1856 
4068 
910 
933 
109 
682 
2875 
3084 
1379 
1196 
315 
3085 
4026 
3053 
3874 
508 
2283 
4043 
1684 
942 
1288 
4573 
3913 
1713 
3359 
986 
1249 
176 
1028 
1440 
367 
1258 
1819 
3016 
4478 
1080 
3623 
3099 
563 
4448 
1314 
1904 
3583 
3223 
528 
3183 
743 
4345 
2376 
811 
1618 
1187 
3159 
2451 
3471 
4093 
1742 
1236 
4286 
2383 
3669 
1630 
2859 
1326 
1950 
1186 
3797 
2639 
4543 
3087 
92 
3242 
3136 
376 
1725 
1180 
3590 
2246 
1075 
224 
4124 
294 
339 
4055 
1193 
1308 
2854 
3240 
3051 
827 
3949 
4526 
4217 
4385 
1810 
779 
3262 
3928 
4075 
4538 
751 
2897 
3037 
2955 
1284 
748 
2148 
1867 
2415 
1745 
3624 
3536 
3992 
388 
4266 
2935 
894 
4080 
1797 
770 
3044 
699 
3349 
3743 
978 
2784 
2087 
611 
2391 
2143 
2702 
3711 
4128 
378 
1960 
2416 
303 
3741 
2765 
2957 
3078 
507 
2202 
4509 
2240 
3441 
988 
907 
4042 
4389 
1237 
1144 
2220 
1194 
2354 
4561 
3239 
1246 
1417 
916 
2501 
1652 
4088 
1281 
2330 
2432 
2658 
3501 
4237 
3275 
3 
1061 
2731 
1337 
2509 
1732 
4172 
306 
2899 
486 
975 
1286 
2904 
2466 
523 
4350 
3643 
2792 
2590 
3185 
3247 
734 
4510 
4116 
3662 
2862 
3433 
2447 
2399 
609 
4447 
994 
537 
3104 
3110 
1985 
1750 
446 
4380 
1881 
3909 
1172 
3338 
2863 
3097 
4383 
162 
1461 
151 
1212 
1098 
1055 
2431 
289 
383 
741 
1101 
556 
3782 
290 
613 
3325 
2274 
4443 
4094 
137 
3055 
392 
3499 
3254 
3601 
1553 
1119 
3970 
1360 
1642 
182 
2828 
3525 
3488 
2622 
787 
3052 
4242 
30 
645 
454 
1 
479 
4178 
3794 
3988 
251 
2325 
327 
2653 
2847 
3534 
830 
3847 
1871 
2993 
4544 
2906 
3158 
2958 
3763 
399 
70 
4482 
1924 
239 
1604 
3038 
1795 
3560 
4556 
2743 
2336 
1303 
3682 
1235 
3091 
1811 
2989 
2373 
208 
1706 
4226 
2663 
3512 
3178 
1697 
3861 
3602 
4083 
422 
2490 
171 
888 
2877 
1855 
4439 
1771 
450 
652 
3096 
170 
462 
4119 
1665 
1406 
2355 
1949 
85 
4190 
1059 
2788 
852 
686 
505 
2227 
1123 
2108 
1282 
2937 
1698 
3482 
3850 
2097 
4112 
2363 
1851 
3429 
2882 
163 
3801 
323 
1955 
833 
2520 
2346 
1151 
3105 
518 
1534 
3793 
2779 
1139 
1126 
2778 
4284 
4496 
2221 
167 
1160 
4416 
3923 
801 
3759 
1938 
2098 
1619 
2805 
3621 
222 
1815 
1817 
2524 
3762 
2270 
106 
4580 
632 
3990 
1207 
1436 
58 
3071 
3984 
390 
1850 
4191 
2154 
3274 
156 
2175 
2569 
2124 
1309 
2568 
3006 
3564 
391 
165 
2738 
2262 
1906 
3031 
369 
3608 
4133 
2936 
266 
4355 
553 
2061 
4232 
3671 
1647 
1638 
1536 
3520 
4490 
